0.0068 3.04928064431e-11
0.0072 3.20359432758e-11
0.0076 3.35658740044e-11
0.008 3.50842013652e-11
0.0084 3.65922845096e-11
0.0088 3.80912807168e-11
0.0092 3.95821792181e-11
0.0096 4.10658287755e-11
0.01 4.25429602699e-11
0.0104 4.40142052723e-11
0.0108 4.54801113743e-11
0.0112 4.69411548929e-11
0.0116 4.83977514405e-11
0.012 4.98502647547e-11
0.0124 5.12990141016e-11
0.0128 5.27442805048e-11
0.0132 5.41863120068e-11
0.0136 5.56253281246e-11
0.014 5.70615236375e-11
0.0144 5.84950718147e-11
0.0148 5.99261271742e-11
0.0152 6.13548278475e-11
0.0156 6.2781297611e-11
0.016 6.42056476363e-11
0.0164 6.56279780019e-11
0.0168 6.70483790005e-11
0.0172 6.84669322742e-11
0.0176 6.98837118014e-11
0.018 7.12987847558e-11
0.0184 7.27122122575e-11
0.0188 7.412405003e-11
0.0192 7.55343489759e-11
0.0196 7.69431556826e-11
0.02 7.83505128684e-11
0.0204 7.97564597746e-11
0.0208 8.11610325133e-11
0.0212 8.25642643745e-11
0.0216 8.39661860981e-11
0.022 8.53668261174e-11
0.0224 8.67662107735e-11
0.0228 8.81643645084e-11
0.0232 8.95613100361e-11
0.0236 9.09570684971e-11
0.024 9.23516595952e-11
0.0244 9.37451017223e-11
0.0248 9.51374120683e-11
0.0252 9.65286067225e-11
0.0256 9.79187007634e-11
0.026 9.93077083402e-11
0.0264 1.00695642747e-10
0.0268 1.0208251649e-10
0.0272 1.03468341348e-10
0.0276 1.04853128426e-10
0.028 1.0623688821e-10
0.0284 1.07619630607e-10
0.0288 1.09001364991e-10
0.0292 1.1038210024e-10
0.0296 1.11761844771e-10
0.03 1.13140606571e-10
0.0304 1.14518393228e-10
0.0308 1.15895211957e-10
0.0312 1.17271069625e-10
0.0316 1.18645972775e-10
0.032 1.20019927645e-10
0.0324 1.21392940187e-10
0.0328 1.22765016089e-10
0.0332 1.24136160788e-10
0.0336 1.25506379486e-10
0.034 1.26875677164e-10
0.0344 1.28244058596e-10
0.0348 1.29611528363e-10
0.0352 1.30978090858e-10
0.0356 1.32343750306e-10
0.036 1.33708510765e-10
0.0364 1.3507237614e-10
0.0368 1.36435350191e-10
0.0372 1.3779743654e-10
0.0376 1.39158638679e-10
0.038 1.40518959978e-10
0.0384 1.41878403688e-10
0.0388 1.43236972951e-10
0.0392 1.44594670804e-10
0.0396 1.45951500185e-10
0.04 1.47307463938e-10
0.0404 1.48662564816e-10
0.0408 1.50016805487e-10
0.0412 1.51370188538e-10
0.0416 1.5272271648e-10
0.042 1.5407439175e-10
0.0424 1.55425216714e-10
0.0428 1.56775193671e-10
0.0432 1.58124324859e-10
0.0436 1.59472612453e-10
0.044 1.6082005857e-10
0.0444 1.62166665274e-10
0.0448 1.63512434572e-10
0.0452 1.64857368424e-10
0.0456 1.66201468741e-10
0.046 1.67544737385e-10
0.0464 1.68887176178e-10
0.0468 1.70228786896e-10
0.0472 1.71569571275e-10
0.0476 1.72909531013e-10
0.048 1.74248667769e-10
0.0484 1.75586983168e-10
0.0488 1.769244788e-10
0.0492 1.78261156219e-10
0.0496 1.79597016952e-10
0.05 1.8093206249e-10
0.0504 1.822662943e-10
0.0508 1.83599713817e-10
0.0512 1.84932322449e-10
0.0516 1.8626412158e-10
0.052 1.87595112565e-10
0.0524 1.88925296739e-10
0.0528 1.9025467541e-10
0.0532 1.91583249865e-10
0.0536 1.92911021369e-10
0.054 1.94237991165e-10
0.0544 1.95564160476e-10
0.0548 1.96889530507e-10
0.0552 1.98214102442e-10
0.0556 1.99537877447e-10
0.056 2.00860856671e-10
0.0564 2.02183041244e-10
0.0568 2.03504432283e-10
0.0572 2.04825030884e-10
0.0576 2.06144838132e-10
0.058 2.07463855094e-10
0.0584 2.08782082824e-10
0.0588 2.10099522362e-10
0.0592 2.11416174731e-10
0.0596 2.12732040946e-10
0.06 2.14047122004e-10
0.0604 2.15361418894e-10
0.0608 2.16674932589e-10
0.0612 2.17987664053e-10
0.0616 2.19299614237e-10
0.062 2.20610784081e-10
0.0624 2.21921174515e-10
0.0628 2.23230786458e-10
0.0632 2.24539620819e-10
0.0636 2.25847678497e-10
0.064 2.27154960381e-10
0.0644 2.28461467351e-10
0.0648 2.29767200277e-10
0.0652 2.31072160022e-10
0.0656 2.32376347439e-10
0.066 2.33679763372e-10
0.0664 2.34982408659e-10
0.0668 2.36284284127e-10
0.0672 2.37585390597e-10
0.0676 2.38885728882e-10
0.068 2.40185299789e-10
0.0684 2.41484104116e-10
0.0688 2.42782142653e-10
0.0692 2.44079416186e-10
0.0696 2.45375925493e-10
0.07 2.46671671345e-10
0.0704 2.47966654506e-10
0.0708 2.49260875735e-10
0.0712 2.50554335785e-10
0.0716 2.51847035402e-10
0.072 2.53138975328e-10
0.0724 2.54430156296e-10
0.0728 2.55720579037e-10
0.0732 2.57010244274e-10
0.0736 2.58299152727e-10
0.074 2.59587305108e-10
0.0744 2.60874702126e-10
0.0748 2.62161344484e-10
0.0752 2.63447232881e-10
0.0756 2.64732368011e-10
0.076 2.66016750562e-10
0.0764 2.6730038122e-10
0.0768 2.68583260663e-10
0.0772 2.69865389568e-10
0.0776 2.71146768605e-10
0.078 2.72427398443e-10
0.0784 2.73707279743e-10
0.0788 2.74986413165e-10
0.0792 2.76264799364e-10
0.0796 2.7754243899e-10
0.08 2.78819332691e-10
0.0804 2.8009548111e-10
0.0808 2.81370884888e-10
0.0812 2.82645544659e-10
0.0816 2.83919461057e-10
0.082 2.8519263471e-10
0.0824 2.86465066246e-10
0.0828 2.87736756285e-10
0.0832 2.89007705448e-10
0.0836 2.90277914349e-10
0.084 2.91547383602e-10
0.0844 2.92816113817e-10
0.0848 2.94084105599e-10
0.0852 2.95351359553e-10
0.0856 2.96617876278e-10
0.086 2.97883656374e-10
0.0864 2.99148700434e-10
0.0868 3.0041300905e-10
0.0872 3.01676582813e-10
0.0876 3.02939422308e-10
0.088 3.0420152812e-10
0.0884 3.05462900829e-10
0.0888 3.06723541015e-10
0.0892 3.07983449253e-10
0.0896 3.09242626118e-10
0.09 3.10501072181e-10
0.0904 3.11758788011e-10
0.0908 3.13015774173e-10
0.0912 3.14272031233e-10
0.0916 3.15527559752e-10
0.092 3.16782360289e-10
0.0924 3.18036433402e-10
0.0928 3.19289779647e-10
0.0932 3.20542399576e-10
0.0936 3.2179429374e-10
0.094 3.23045462688e-10
0.0944 3.24295906966e-10
0.0948 3.2554562712e-10
0.0952 3.26794623692e-10
0.0956 3.28042897222e-10
0.096 3.2929044825e-10
0.0964 3.30537277312e-10
0.0968 3.31783384944e-10
0.0972 3.33028771678e-10
0.0976 3.34273438045e-10
0.098 3.35517384576e-10
0.0984 3.36760611797e-10
0.0988 3.38003120235e-10
0.0992 3.39244910414e-10
0.0996 3.40485982856e-10
0.1 3.41726338082e-10
0.1004 3.42965976611e-10
0.1008 3.44204898961e-10
0.1012 3.45443105647e-10
0.1016 3.46680597184e-10
0.102 3.47917374085e-10
0.1024 3.4915343686e-10
0.1028 3.50388786019e-10
0.1032 3.5162342207e-10
0.1036 3.5285734552e-10
0.104 3.54090556874e-10
0.1044 3.55323056635e-10
0.1048 3.56554845306e-10
0.1052 3.57785923387e-10
0.1056 3.59016291378e-10
0.106 3.60245949777e-10
0.1064 3.6147489908e-10
0.1068 3.62703139782e-10
0.1072 3.63930672378e-10
0.1076 3.6515749736e-10
0.108 3.6638361522e-10
0.1084 3.67609026446e-10
0.1088 3.68833731529e-10
0.1092 3.70057730956e-10
0.1096 3.71281025212e-10
0.11 3.72503614783e-10
0.1104 3.73725500153e-10
0.1108 3.74946681804e-10
0.1112 3.76167160217e-10
0.1116 3.77386935874e-10
0.112 3.78606009252e-10
0.1124 3.7982438083e-10
0.1128 3.81042051084e-10
0.1132 3.82259020491e-10
0.1136 3.83475289525e-10
0.114 3.84690858659e-10
0.1144 3.85905728366e-10
0.1148 3.87119899117e-10
0.1152 3.88333371382e-10
0.1156 3.8954614563e-10
0.116 3.9075822233e-10
0.1164 3.91969601949e-10
0.1168 3.93180284953e-10
0.1172 3.94390271806e-10
0.1176 3.95599562974e-10
0.118 3.96808158919e-10
0.1184 3.98016060104e-10
0.1188 3.99223266989e-10
0.1192 4.00429780034e-10
0.1196 4.01635599701e-10
0.12 4.02840726445e-10
0.1204 4.04045160726e-10
0.1208 4.05248902999e-10
0.1212 4.0645195372e-10
0.1216 4.07654313343e-10
0.122 4.08855982324e-10
0.1224 4.10056961114e-10
0.1228 4.11257250166e-10
0.1232 4.12456849931e-10
0.1236 4.13655760859e-10
0.124 4.14853983399e-10
0.1244 4.16051518001e-10
0.1248 4.17248365113e-10
0.1252 4.1844452518e-10
0.1256 4.1963999865e-10
0.126 4.20834785968e-10
0.1264 4.22028887579e-10
0.1268 4.23222303925e-10
0.1272 4.24415035451e-10
0.1276 4.25607082598e-10
0.128 4.26798445809e-10
0.1284 4.27989125523e-10
0.1288 4.2917912218e-10
0.1292 4.3036843622e-10
0.1296 4.31557068081e-10
0.13 4.32745018201e-10
0.1304 4.33932287017e-10
0.1308 4.35118874965e-10
0.1312 4.36304782481e-10
0.1316 4.37490009999e-10
0.132 4.38674557953e-10
0.1324 4.39858426777e-10
0.1328 4.41041616904e-10
0.1332 4.42224128765e-10
0.1336 4.43405962792e-10
0.134 4.44587119415e-10
0.1344 4.45767599065e-10
0.1348 4.46947402171e-10
0.1352 4.48126529161e-10
0.1356 4.49304980464e-10
0.136 4.50482756506e-10
0.1364 4.51659857714e-10
0.1368 4.52836284515e-10
0.1372 4.54012037333e-10
0.1376 4.55187116594e-10
0.138 4.56361522722e-10
0.1384 4.5753525614e-10
0.1388 4.58708317271e-10
0.1392 4.59880706537e-10
0.1396 4.6105242436e-10
0.14 4.62223471161e-10
0.1404 4.63393847361e-10
0.1408 4.6456355338e-10
0.1412 4.65732589636e-10
0.1416 4.66900956548e-10
0.142 4.68068654535e-10
0.1424 4.69235684014e-10
0.1428 4.70402045401e-10
0.1432 4.71567739115e-10
0.1436 4.72732765569e-10
0.144 4.7389712518e-10
0.1444 4.75060818362e-10
0.1448 4.7622384553e-10
0.1452 4.77386207096e-10
0.1456 4.78547903474e-10
0.146 4.79708935077e-10
0.1464 4.80869302316e-10
0.1468 4.82029005604e-10
0.1472 4.8318804535e-10
0.1476 4.84346421965e-10
0.148 4.85504135859e-10
0.1484 4.86661187441e-10
0.1488 4.87817577121e-10
0.1492 4.88973305306e-10
0.1496 4.90128372405e-10
0.15 4.91282778824e-10
0.1504 4.9243652497e-10
0.1508 4.93589611249e-10
0.1512 4.94742038069e-10
0.1516 4.95893805832e-10
0.152 4.97044914945e-10
0.1524 4.98195365812e-10
0.1528 4.99345158836e-10
0.1532 5.00494294421e-10
0.1536 5.0164277297e-10
0.154 5.02790594885e-10
0.1544 5.03937760568e-10
0.1548 5.0508427042e-10
0.1552 5.06230124842e-10
0.1556 5.07375324235e-10
0.156 5.08519868999e-10
0.1564 5.09663759533e-10
0.1568 5.10806996237e-10
0.1572 5.11949579509e-10
0.1576 5.13091509747e-10
0.158 5.14232787349e-10
0.1584 5.15373412713e-10
0.1588 5.16513386234e-10
0.1592 5.17652708311e-10
0.1596 5.18791379337e-10
0.16 5.1992939971e-10
0.1604 5.21066769824e-10
0.1608 5.22203490074e-10
0.1612 5.23339560854e-10
0.1616 5.24474982558e-10
0.162 5.25609755579e-10
0.1624 5.2674388031e-10
0.1628 5.27877357144e-10
0.1632 5.29010186472e-10
0.1636 5.30142368687e-10
0.164 5.3127390418e-10
0.1644 5.32404793342e-10
0.1648 5.33535036563e-10
0.1652 5.34664634232e-10
0.1656 5.35793586741e-10
0.166 5.36921894477e-10
0.1664 5.3804955783e-10
0.1668 5.39176577189e-10
0.1672 5.4030295294e-10
0.1676 5.41428685473e-10
0.168 5.42553775174e-10
0.1684 5.43678222429e-10
0.1688 5.44802027626e-10
0.1692 5.45925191151e-10
0.1696 5.47047713388e-10
0.17 5.48169594724e-10
0.1704 5.49290835544e-10
0.1708 5.50411436231e-10
0.1712 5.5153139717e-10
0.1716 5.52650718745e-10
0.172 5.53769401338e-10
0.1724 5.54887445334e-10
0.1728 5.56004851115e-10
0.1732 5.57121619063e-10
0.1736 5.58237749559e-10
0.174 5.59353242986e-10
0.1744 5.60468099725e-10
0.1748 5.61582320156e-10
0.1752 5.62695904659e-10
0.1756 5.63808853616e-10
0.176 5.64921167405e-10
0.1764 5.66032846406e-10
0.1768 5.67143890997e-10
0.1772 5.68254301559e-10
0.1776 5.69364078468e-10
0.178 5.70473222102e-10
0.1784 5.7158173284e-10
0.1788 5.72689611059e-10
0.1792 5.73796857134e-10
0.1796 5.74903471444e-10
0.18 5.76009454364e-10
0.1804 5.77114806269e-10
0.1808 5.78219527536e-10
0.1812 5.79323618539e-10
0.1816 5.80427079654e-10
0.182 5.81529911254e-10
0.1824 5.82632113715e-10
0.1828 5.83733687409e-10
0.1832 5.8483463271e-10
0.1836 5.85934949992e-10
0.184 5.87034639626e-10
0.1844 5.88133701986e-10
0.1848 5.89232137444e-10
0.1852 5.90329946371e-10
0.1856 5.91427129139e-10
0.186 5.9252368612e-10
0.1864 5.93619617683e-10
0.1868 5.94714924199e-10
0.1872 5.95809606039e-10
0.1876 5.96903663572e-10
0.188 5.97997097169e-10
0.1884 5.99089907197e-10
0.1888 6.00182094027e-10
0.1892 6.01273658026e-10
0.1896 6.02364599563e-10
0.19 6.03454919005e-10
0.1904 6.04544616721e-10
0.1908 6.05633693078e-10
0.1912 6.06722148443e-10
0.1916 6.07809983182e-10
0.192 6.08897197662e-10
0.1924 6.09983792248e-10
0.1928 6.11069767308e-10
0.1932 6.12155123205e-10
0.1936 6.13239860306e-10
0.194 6.14323978975e-10
0.1944 6.15407479576e-10
0.1948 6.16490362475e-10
0.1952 6.17572628034e-10
0.1956 6.18654276618e-10
0.196 6.19735308589e-10
0.1964 6.20815724312e-10
