0 0
0.04 124.585931396
0.08 88.3386220164
0.12 88.0788054863
0.16 88.8996881714
0.2 90.6447635564
0.24 92.6588550012
0.28 94.6952797654
0.32 96.6415106091
0.36 98.4459367675
0.4 100.087713223
0.44 101.562686893
0.48 102.875830972
0.52 104.037062926
0.56 105.058801521
0.6 105.954509835
0.64 106.737796347
0.68 107.421852574
0.72 108.019122501
0.76 108.541103579
0.8 108.998281916
0.84 109.400097081
0.88 109.754945291
0.92 110.070226309
0.96 110.352414036
1 110.607106338
1.04 110.839107414
1.08 111.052519113
1.12 111.250815249
1.16 111.436877359
1.2 111.613112075
1.24 111.781487882
1.28 111.943595778
1.32 112.100723016
1.36 112.253868169
1.4 112.403802495
1.44 112.55110322
1.48 112.696181225
1.52 112.839313664
1.56 112.980670496
1.6 113.120336051
1.64 113.258318645
1.68 113.394576701
1.72 113.529026328
1.76 113.661565596
1.8 113.792074703
1.84 113.920430386
1.88 114.046502398
1.92 114.170163986
1.96 114.291298477
2 114.409798581
2.04 114.525564473
2.08 114.638510846
2.12 114.74857386
2.16 114.855700713
2.2 114.959849944
2.24 115.061000519
2.28 115.159143068
2.32 115.254273172
2.36 115.346396435
2.4 115.435537675
2.44 115.521731716
2.48 115.605019382
2.52 115.68544483
2.56 115.763062319
2.6 115.837930117
2.64 115.910110083
2.68 115.97966521
2.72 116.046657723
2.76 116.111160997
2.8 116.173246097
2.84 116.232984915
2.88 116.290450055
2.92 116.345714034
2.96 116.398848356
3 116.449925189
3.04 116.499015052
3.08 116.546184365
3.12 116.591489402
3.16 116.634998359
3.2 116.676777009
3.24 116.716888976
3.28 116.755395579
3.32 116.792357614
3.36 116.827834257
3.4 116.861881591
3.44 116.894554481
3.48 116.925905727
3.52 116.955986844
3.56 116.984845628
3.6 117.012521717
3.64 117.039057094
3.68 117.064499231
3.72 117.088893022
3.76 117.112281455
3.8 117.134705395
3.84 117.156204166
3.88 117.176815463
3.92 117.196575454
3.96 117.215518865
4 117.233678293
4.04 117.251085756
4.08 117.267772633
4.12 117.283768724
4.16 117.299098794
4.2 117.313787743
4.24 117.327861409
4.28 117.341344154
4.32 117.354260455
4.36 117.366634866
4.4 117.378490631
4.44 117.38984932
4.48 117.400731265
4.52 117.411156715
4.56 117.42114507
4.6 117.430714964
4.64 117.439883856
4.68 117.448668137
4.72 117.457084179
4.76 117.465147781
4.8 117.472874002
4.84 117.480277266
4.88 117.487371207
4.92 117.4941677
4.96 117.500678319
5 117.506914577
5.04 117.512887547
5.08 117.518607498
5.12 117.524084596
5.16 117.529329569
5.2 117.534352427
5.24 117.539162286
5.28 117.543768467
5.32 117.548179789
5.36 117.552404645
5.4 117.556451143
5.44 117.560327001
5.48 117.564039477
5.52 117.567595313
5.56 117.571001222
5.6 117.574263693
5.64 117.577388958
5.68 117.580383151
5.72 117.583251963
5.76 117.586000748
5.8 117.588634711
5.84 117.591158773
5.88 117.593577582
5.92 117.595895423
5.96 117.598116629
6 117.600245383
6.04 117.602285324
6.08 117.604239742
6.12 117.606112123
6.16 117.607905868
6.2 117.609624136
6.24 117.611269901
6.28 117.612846211
6.32 117.61435599
6.36 117.615802089
6.4 117.617187344
6.44 117.61851429
6.48 117.619785401
6.52 117.621002978
6.56 117.622169269
6.6 117.623286409
6.64 117.624356507
6.68 117.625381588
6.72 117.626363504
6.76 117.627304079
6.8 117.62820504
6.84 117.629068091
6.88 117.629894765
6.92 117.630686603
6.96 117.631445091
7 117.632171541
7.04 117.632867292
7.08 117.633533668
7.12 117.634171832
7.16 117.634782878
7.2 117.635367949
7.24 117.63592806
7.28 117.636464263
7.32 117.636977661
7.36 117.637469258
7.4 117.637939936
7.44 117.638390606
7.48 117.638822109
7.52 117.639235222
7.56 117.639630685
7.6 117.640009151
7.64 117.640371335
7.68 117.640717924
7.72 117.64104952
7.76 117.641366211
7.8 117.641668042
7.84 117.641954922
7.88 117.642227054
7.92 117.642484885
7.96 117.642729002
8 117.642960024
8.04 117.643178608
8.08 117.643385231
8.12 117.643580426
8.16 117.64376458
8.2 117.643938266
8.24 117.64410205
8.28 117.644256444
8.32 117.644401872
8.36 117.644538627
8.4 117.644667183
8.44 117.644787988
8.48 117.644901472
8.52 117.645007968
8.56 117.645107711
8.6 117.645201085
8.64 117.645288479
8.68 117.645370253
8.72 117.645446752
8.76 117.645518295
8.8 117.645585017
8.84 117.645647151
8.88 117.645704969
8.92 117.645758733
8.96 117.645808682
9 117.645855024
9.04 117.645897956
9.08 117.64593763
9.12 117.64597417
9.16 117.646007783
9.2 117.646038655
9.24 117.64606696
9.28 117.646092875
9.32 117.646116555
9.36 117.64613814
9.4 117.64615776
9.44 117.646175429
9.48 117.646191224
9.52 117.64620527
9.56 117.646217686
9.6 117.646228584
9.64 117.646238067
9.68 117.646246234
9.72 117.646253171
9.76 117.646258964
9.8 117.646263688
9.84 117.646267394
9.88 117.646270086
9.92 117.646271815
9.96 117.646272672
10 117.646272708
10.04 117.646272032
10.08 117.646270691
10.12 117.646268739
10.16 117.646266228
10.2 117.646263209
10.24 117.646259731
10.28 117.64625583
10.32 117.646251557
10.36 117.64624692
10.4 117.646241931
10.44 117.646236635
10.48 117.646231073
10.52 117.646225283
10.56 117.646219304
10.6 117.646213169
10.64 117.64620691
10.68 117.646200556
10.72 117.646194128
10.76 117.646187646
10.8 117.646181132
10.84 117.646174609
10.88 117.646168094
10.92 117.646161607
10.96 117.646155141
11 117.646148697
11.04 117.646142281
11.08 117.646135914
11.12 117.646129635
11.16 117.646123463
11.2 117.646117395
11.24 117.64611144
11.28 117.646105603
11.32 117.646099894
11.36 117.646094318
11.4 117.646088877
11.44 117.646083568
11.48 117.646078395
11.52 117.64607336
11.56 117.646068465
11.6 117.6460637
11.64 117.646059071
11.68 117.646054572
11.72 117.646050199
11.76 117.646045954
11.8 117.646041839
11.84 117.646037855
11.88 117.646033962
11.92 117.646030207
11.96 117.646026588
12 117.646023101
12.04 117.646019744
12.08 117.646016513
12.12 117.646013405
12.16 117.646010417
12.2 117.646007547
12.24 117.64600479
12.28 117.646002146
12.32 117.645999609
12.36 117.645997179
12.4 117.645994851
12.44 117.645992623
12.48 117.645990491
12.52 117.645988453
12.56 117.645986516
12.6 117.645984669
12.64 117.645982902
12.68 117.645981215
12.72 117.645979604
12.76 117.645978068
12.8 117.645976605
12.84 117.645975212
12.88 117.645973882
12.92 117.645972613
12.96 117.645971403
13 117.645970251
13.04 117.645969154
13.08 117.64596811
13.12 117.645967117
13.16 117.645966175
13.2 117.645965282
13.24 117.645964436
13.28 117.645963638
13.32 117.645962886
13.36 117.645962179
13.4 117.645961516
13.44 117.645960896
13.48 117.645960318
13.52 117.64595978
13.56 117.645959282
13.6 117.645958822
13.64 117.645958399
13.68 117.645958012
13.72 117.645957659
13.76 117.64595734
13.8 117.645957053
13.84 117.645956798
13.88 117.645956572
13.92 117.645956376
13.96 117.645956207
14 117.645956065
14.04 117.645955949
14.08 117.645955859
14.12 117.645955792
14.16 117.645955752
14.2 117.645955715
14.24 117.645955694
14.28 117.645955696
14.32 117.64595572
14.36 117.645955768
14.4 117.645955836
14.44 117.645955925
14.48 117.645956032
14.52 117.645956157
14.56 117.645956298
14.6 117.645956454
14.64 117.645956623
14.68 117.645956803
14.72 117.645956995
14.76 117.645957197
14.8 117.645957409
14.84 117.645957629
14.88 117.645957857
14.92 117.645958094
14.96 117.645958337
15 117.645958588
